3.87955
3.83722
3.72908
3.72908
3.72908
3.72908
3.72908
3.71091
3.71091
3.71091
3.71091
3.71091
3.71091
3.71091
3.71091
3.71091
3.71091
3.71091
3.71091
3.71091
3.71091
3.71091
3.71091
3.71091
3.71091
3.71091
3.71091
3.71091
3.71091
3.71091
3.71091
3.71091
3.71091
3.71091
3.71091
3.71091
3.71091
3.71091
3.71091
3.71091
3.71091
3.71091
3.71091
3.71091
3.71091
3.71091
3.71091
3.71091
3.71091
3.71091
3.71091
3.71091
3.71091
3.71091
3.71091
3.71091
3.71091
3.71091
3.71091
3.71091
3.71091
3.71091
3.71091
3.71091
3.71091
3.71091
3.71091
3.71091
3.71091
3.71091
3.71091
3.71091
3.71091
3.71091
3.71091
3.71091
3.71091
3.71091
3.71091
3.71091
3.71091
3.71091
3.71091
3.71091
3.71091
3.71091
3.71091
3.71091
3.71091
3.71091
3.71091
3.71091
3.71091
3.71091
3.71091
3.71091
3.71091
3.71091
3.71091
3.71091