6.50760
6.50760
5.93967
5.40851
5.29390
5.17066
5.15727
5.12549
5.12549
5.12549
5.12549
4.94888
4.94888
4.90771
4.90771
4.90771
4.90771
4.90771
4.90771
4.90771
4.90771
4.90771
4.90771
4.90771
4.90771
4.90771
4.90771
4.77101
4.77101
4.77101
4.77101
4.77101
4.77101
4.77101
4.77101
4.77101
4.77101
4.77101
4.77101
4.77101
4.77101
4.77101
4.77101
4.77101
4.77101
4.77101
4.77101
4.77101
4.77101
4.77101
4.77101
4.77101
4.77101
4.77101
4.77101
4.77101
4.77101
4.77101
4.77101
4.77101
4.77101
4.77101
4.77101
4.77101
4.77101
4.77101
4.77101
4.77101
4.77101
4.77101
4.77101
4.77101
4.77101
4.77101
4.77101
4.77101
4.77101
4.77101
4.77101
4.77101
4.77101
4.77101
4.77101
4.77101
4.77101
4.77101
4.77101
4.77101
4.77101
4.77101
4.77101
4.77101
4.77101
4.77101
4.77101
4.77101
4.77101
4.77101
4.77101
4.77101