4.21059
3.80292
3.80292
3.80292
3.80292
3.80292
3.80292
3.80292
3.80292
3.80292
3.80292
3.80292
3.80292
3.80292
3.80292
3.80292
3.80292
3.80292
3.80292
3.80292
3.80292
3.80292
3.80292
3.80292
3.80292
3.80292
3.80292
3.80292
3.80292
3.80292
3.80292
3.80292
3.80292
3.80292
3.80292
3.80292
3.80292
3.80292
3.80292
3.80292
3.80292
3.80292
3.80292
3.80292
3.80292
3.80292
3.80292
3.80292
3.80292
3.80292
3.80292
3.80292
3.80292
3.80292
3.80292
3.80292
3.80292
3.80292
3.80292
3.80292
3.80292
3.80292
3.80292
3.80292
3.80292
3.80292
3.80292
3.80292
3.80292
3.80292
3.80292
3.80292
3.80292
3.80292
3.80292
3.80292
3.80292
3.80292
3.80292
3.80292
3.80292
3.80292
3.80292
3.80292
3.80292
3.80292
3.80292
3.80292
3.80292
3.80292
3.80292
3.80292
3.80292
3.80292
3.80292
3.80292
3.80292
3.80292
3.80292
3.80292