1.87089
1.86043
1.79529
1.79529
1.79529
1.79529
1.79529
1.79529
1.79529
1.79529
1.79529
1.79529
1.79529
1.79529
1.79529
1.79529
1.79529
1.79529
1.79529
1.79529
1.79529
1.79529
1.79529
1.79529
1.79529
1.79529
1.79529
1.79529
1.79529
1.79529
1.79529
1.79529
1.79529
1.79529
1.79529
1.79529
1.79529
1.79529
1.79529
1.79529
1.79529
1.79529
1.79529
1.79529
1.79529
1.79529
1.79529
1.79529
1.79529
1.79529
1.79529
1.79529
1.79529
1.79529
1.79529
1.79529
1.79529
1.79529
1.79529
1.79529
1.79529
1.79529
1.79529
1.79529
1.79529
1.79529
1.79529
1.79529
1.79529
1.79529
1.79529
1.79529
1.79529
1.79529
1.79529
1.79529
1.79529
1.79529
1.79529
1.79529
1.79529
1.79529
1.79529
1.79529
1.79529
1.79529
1.79529
1.79529
1.79529
1.79529
1.79529
1.79529
1.79529
1.79529
1.79529
1.79529
1.79529
1.79529
1.79529
1.79529